1
30
1
1
0.300000
0.500000
6.822975  

8.469422  -0.321348  3.244490  3.020842  2.997671  2.973209  2.980493  2.978358  2.978985  2.978801  2.978855  2.978839  2.978844  2.978843  2.978843  2.978843  2.978843  2.978843  2.978843  2.978843  2.978843  2.978843  2.978843  2.978843  2.978843  2.978843  2.978843  2.978843  2.978843  2.978843  

-0.114137  -0.178212  -0.044141  -0.158991  -0.042510  -0.044353  -0.044290  -0.044303  -0.044299  -0.044300  -0.044300  -0.044300  -0.044300  -0.044300  -0.044300  -0.044300  -0.044300  -0.044300  -0.044300  -0.044300  -0.044300  -0.044300  -0.044300  -0.044300  -0.044300  -0.044300  -0.044300  -0.044300  -0.044300  -0.044300  


-1.909780  -6.219332  -0.224095  -0.730907  -0.361990  -0.201850  -0.204164  -0.203881  -0.203967  -0.203940  -0.203949  -0.203946  -0.203947  -0.203947  -0.203947  -0.203947  -0.203947  -0.203947  -0.203947  -0.203947  -0.203947  -0.203947  -0.203947  -0.203947  -0.203947  -0.203947  -0.203947  -0.203947  -0.203947  -0.203947  

0.000012  

-0.001107  -0.000000  -0.000164  -0.000000  -0.000258  -0.000135  -0.000137  -0.000137  -0.000137  -0.000137  -0.000137  -0.000137  -0.000137  -0.000137  -0.000137  -0.000137  -0.000137  -0.000137  -0.000137  -0.000137  -0.000137  -0.000137  -0.000137  -0.000137  -0.000137  -0.000137  -0.000137  -0.000137  -0.000137  -0.000137  