15
6
4
4
0.300000
0.500000
1.672835  0.530222  -1.055146  -9.643848  

1.572544  0.468153  1.248600  2.019764  1.044393  -0.284945  

0.359505  1.188624  0.477911  -0.536446  -2.452501  -4.852014  0.188224  2.494101  1.295386  -2.064928  0.351662  -0.274631  0.969038  0.451978  0.957846  0.833031  0.728743  -0.608421  2.693587  -6.086882  -4.552233  0.428275  1.436173  2.041325  0.289681  -2.245065  -1.854910  -0.430163  -0.040010  0.261176  -3.012999  -4.839486  0.460042  0.516808  0.838670  2.903145  -2.024313  -1.589139  -0.032173  0.545044  -1.068638  -1.945273  -0.705402  -0.060169  -1.092272  -4.708859  -2.742153  1.243994  0.812833  -0.186469  0.287307  -0.076921  -0.308358  -0.307214  -4.261860  -1.563101  -2.633738  -0.215144  -3.228694  -3.300216  -1.796953  -0.887930  -1.279362  -0.623188  -1.439470  -1.341286  1.333925  3.098215  -3.182823  0.225881  -1.081439  -0.796402  -0.640593  1.669213  -0.218411  -0.376483  2.048083  2.612219  -1.403965  0.910709  0.906403  -0.628486  3.033305  3.655518  0.596096  0.025861  0.805314  1.222274  1.091931  -0.093819  


-2.030986  5.999697  -3.165436  5.374223  -6.210119  6.231678  5.331987  3.957087  -5.139100  -3.253875  6.297256  2.257043  -6.734658  -2.241330  -0.722300  0.572692  -0.750283  -4.351425  -3.265042  3.707499  5.556512  -6.132590  -3.328818  5.950256  

0.000305  -0.000011  -0.000000  0.000250  

0.000149  -0.000074  -0.000063  -0.000126  0.000038  0.000117  